delay 0
clear
clear
draw 0 0 100 100
draw 110 0 100 100
draw 220 0 100 100
draw 330 0 100 100
draw 440 0 100 100
draw 550 0 100 100
draw 660 0 100 100
draw 770 0 100 100
draw 880 0 100 100
draw 990 0 100 100
draw 1100 0 100 100
draw 1210 0 100 100
draw 1320 0 100 100
draw 1430 0 100 100
draw 1540 0 100 100
draw 1650 0 100 100
draw 1760 0 100 100
draw 1870 0 100 100
draw 0 110 100 100
draw 110 110 100 100
draw 220 110 100 100
draw 330 110 100 100
draw 440 110 100 100
draw 550 110 100 100
draw 660 110 100 100
draw 770 110 100 100
draw 880 110 100 100
draw 990 110 100 100
draw 1100 110 100 100
draw 1210 110 100 100
draw 1320 110 100 100
draw 1430 110 100 100
draw 1540 110 100 100
draw 1650 110 100 100
draw 1760 110 100 100
draw 1870 110 100 100
draw 0 220 100 100
draw 110 220 100 100
draw 220 220 100 100
draw 330 220 100 100
draw 440 220 100 100
draw 550 220 100 100
draw 660 220 100 100
draw 770 220 100 100
draw 880 220 100 100
draw 990 220 100 100
draw 1100 220 100 100
draw 1210 220 100 100
draw 1320 220 100 100
draw 1430 220 100 100
draw 1540 220 100 100
draw 1650 220 100 100
draw 1760 220 100 100
draw 1870 220 100 100
draw 0 330 100 100
draw 110 330 100 100
draw 220 330 100 100
draw 330 330 100 100
draw 440 330 100 100
draw 550 330 100 100
draw 660 330 100 100
draw 770 330 100 100
draw 880 330 100 100
draw 990 330 100 100
draw 1100 330 100 100
draw 1210 330 100 100
draw 1320 330 100 100
draw 1430 330 100 100
draw 1540 330 100 100
draw 1650 330 100 100
draw 1760 330 100 100
draw 1870 330 100 100
draw 0 440 100 100
draw 110 440 100 100
draw 220 440 100 100
draw 330 440 100 100
draw 440 440 100 100
draw 550 440 100 100
draw 660 440 100 100
draw 770 440 100 100
draw 880 440 100 100
draw 990 440 100 100
draw 1100 440 100 100
draw 1210 440 100 100
draw 1320 440 100 100
draw 1430 440 100 100
draw 1540 440 100 100
draw 1650 440 100 100
draw 1760 440 100 100
draw 1870 440 100 100
draw 0 550 100 100
draw 110 550 100 100
draw 220 550 100 100
draw 330 550 100 100
draw 440 550 100 100
draw 550 550 100 100
draw 660 550 100 100
draw 770 550 100 100
draw 880 550 100 100
draw 990 550 100 100
draw 1100 550 100 100
draw 1210 550 100 100
draw 1320 550 100 100
draw 1430 550 100 100
draw 1540 550 100 100
draw 1650 550 100 100
draw 1760 550 100 100
draw 1870 550 100 100
draw 0 660 100 100
draw 110 660 100 100
draw 220 660 100 100
draw 330 660 100 100
draw 440 660 100 100
draw 550 660 100 100
draw 660 660 100 100
draw 770 660 100 100
draw 880 660 100 100
draw 990 660 100 100
draw 1100 660 100 100
draw 1210 660 100 100
draw 1320 660 100 100
draw 1430 660 100 100
draw 1540 660 100 100
draw 1650 660 100 100
draw 1760 660 100 100
draw 1870 660 100 100
draw 0 770 100 100
draw 110 770 100 100
draw 220 770 100 100
draw 330 770 100 100
draw 440 770 100 100
draw 550 770 100 100
draw 660 770 100 100
draw 770 770 100 100
draw 880 770 100 100
draw 990 770 100 100
draw 1100 770 100 100
draw 1210 770 100 100
draw 1320 770 100 100
draw 1430 770 100 100
draw 1540 770 100 100
draw 1650 770 100 100
draw 1760 770 100 100
draw 1870 770 100 100
draw 0 880 100 100
draw 110 880 100 100
draw 220 880 100 100
draw 330 880 100 100
draw 440 880 100 100
draw 550 880 100 100
draw 660 880 100 100
draw 770 880 100 100
draw 880 880 100 100
draw 990 880 100 100
draw 1100 880 100 100
draw 1210 880 100 100
draw 1320 880 100 100
draw 1430 880 100 100
draw 1540 880 100 100
draw 1650 880 100 100
draw 1760 880 100 100
draw 1870 880 100 100
draw 0 990 100 100
draw 110 990 100 100
draw 220 990 100 100
draw 330 990 100 100
draw 440 990 100 100
draw 550 990 100 100
draw 660 990 100 100
draw 770 990 100 100
draw 880 990 100 100
draw 990 990 100 100
draw 1100 990 100 100
draw 1210 990 100 100
draw 1320 990 100 100
draw 1430 990 100 100
draw 1540 990 100 100
draw 1650 990 100 100
draw 1760 990 100 100
draw 1870 990 100 100
sleep 5
clear
draw 0 0 150 150
draw 160 0 150 150
draw 320 0 150 150
draw 480 0 150 150
draw 640 0 150 150
draw 800 0 150 150
draw 960 0 150 150
draw 1120 0 150 150
draw 1280 0 150 150
draw 1440 0 150 150
draw 1600 0 150 150
draw 1760 0 150 150
draw 0 160 150 150
draw 160 160 150 150
draw 320 160 150 150
draw 480 160 150 150
draw 640 160 150 150
draw 800 160 150 150
draw 960 160 150 150
draw 1120 160 150 150
draw 1280 160 150 150
draw 1440 160 150 150
draw 1600 160 150 150
draw 1760 160 150 150
draw 0 320 150 150
draw 160 320 150 150
draw 320 320 150 150
draw 480 320 150 150
draw 640 320 150 150
draw 800 320 150 150
draw 960 320 150 150
draw 1120 320 150 150
draw 1280 320 150 150
draw 1440 320 150 150
draw 1600 320 150 150
draw 1760 320 150 150
draw 0 480 150 150
draw 160 480 150 150
draw 320 480 150 150
draw 480 480 150 150
draw 640 480 150 150
draw 800 480 150 150
draw 960 480 150 150
draw 1120 480 150 150
draw 1280 480 150 150
draw 1440 480 150 150
draw 1600 480 150 150
draw 1760 480 150 150
draw 0 640 150 150
draw 160 640 150 150
draw 320 640 150 150
draw 480 640 150 150
draw 640 640 150 150
draw 800 640 150 150
draw 960 640 150 150
draw 1120 640 150 150
draw 1280 640 150 150
draw 1440 640 150 150
draw 1600 640 150 150
draw 1760 640 150 150
draw 0 800 150 150
draw 160 800 150 150
draw 320 800 150 150
draw 480 800 150 150
draw 640 800 150 150
draw 800 800 150 150
draw 960 800 150 150
draw 1120 800 150 150
draw 1280 800 150 150
draw 1440 800 150 150
draw 1600 800 150 150
draw 1760 800 150 150
draw 0 960 150 150
draw 160 960 150 150
draw 320 960 150 150
draw 480 960 150 150
draw 640 960 150 150
draw 800 960 150 150
draw 960 960 150 150
draw 1120 960 150 150
draw 1280 960 150 150
draw 1440 960 150 150
draw 1600 960 150 150
draw 1760 960 150 150
sleep 5
clear
draw 0 0 200 200
draw 210 0 200 200
draw 420 0 200 200
draw 630 0 200 200
draw 840 0 200 200
draw 1050 0 200 200
draw 1260 0 200 200
draw 1470 0 200 200
draw 1680 0 200 200
draw 1890 0 200 200
draw 0 210 200 200
draw 210 210 200 200
draw 420 210 200 200
draw 630 210 200 200
draw 840 210 200 200
draw 1050 210 200 200
draw 1260 210 200 200
draw 1470 210 200 200
draw 1680 210 200 200
draw 1890 210 200 200
draw 0 420 200 200
draw 210 420 200 200
draw 420 420 200 200
draw 630 420 200 200
draw 840 420 200 200
draw 1050 420 200 200
draw 1260 420 200 200
draw 1470 420 200 200
draw 1680 420 200 200
draw 1890 420 200 200
draw 0 630 200 200
draw 210 630 200 200
draw 420 630 200 200
draw 630 630 200 200
draw 840 630 200 200
draw 1050 630 200 200
draw 1260 630 200 200
draw 1470 630 200 200
draw 1680 630 200 200
draw 1890 630 200 200
draw 0 840 200 200
draw 210 840 200 200
draw 420 840 200 200
draw 630 840 200 200
draw 840 840 200 200
draw 1050 840 200 200
draw 1260 840 200 200
draw 1470 840 200 200
draw 1680 840 200 200
draw 1890 840 200 200
draw 0 1050 200 200
draw 210 1050 200 200
draw 420 1050 200 200
draw 630 1050 200 200
draw 840 1050 200 200
draw 1050 1050 200 200
draw 1260 1050 200 200
draw 1470 1050 200 200
draw 1680 1050 200 200
draw 1890 1050 200 200
sleep 5
clear
draw 0 0 250 250
draw 260 0 250 250
draw 520 0 250 250
draw 780 0 250 250
draw 1040 0 250 250
draw 1300 0 250 250
draw 1560 0 250 250
draw 1820 0 250 250
draw 0 260 250 250
draw 260 260 250 250
draw 520 260 250 250
draw 780 260 250 250
draw 1040 260 250 250
draw 1300 260 250 250
draw 1560 260 250 250
draw 1820 260 250 250
draw 0 520 250 250
draw 260 520 250 250
draw 520 520 250 250
draw 780 520 250 250
draw 1040 520 250 250
draw 1300 520 250 250
draw 1560 520 250 250
draw 1820 520 250 250
draw 0 780 250 250
draw 260 780 250 250
draw 520 780 250 250
draw 780 780 250 250
draw 1040 780 250 250
draw 1300 780 250 250
draw 1560 780 250 250
draw 1820 780 250 250
draw 0 1040 250 250
draw 260 1040 250 250
draw 520 1040 250 250
draw 780 1040 250 250
draw 1040 1040 250 250
draw 1300 1040 250 250
draw 1560 1040 250 250
draw 1820 1040 250 250
sleep 5
clear
draw 0 0 300 300
draw 310 0 300 300
draw 620 0 300 300
draw 930 0 300 300
draw 1240 0 300 300
draw 1550 0 300 300
draw 1860 0 300 300
draw 0 310 300 300
draw 310 310 300 300
draw 620 310 300 300
draw 930 310 300 300
draw 1240 310 300 300
draw 1550 310 300 300
draw 1860 310 300 300
draw 0 620 300 300
draw 310 620 300 300
draw 620 620 300 300
draw 930 620 300 300
draw 1240 620 300 300
draw 1550 620 300 300
draw 1860 620 300 300
draw 0 930 300 300
draw 310 930 300 300
draw 620 930 300 300
draw 930 930 300 300
draw 1240 930 300 300
draw 1550 930 300 300
draw 1860 930 300 300
sleep 5
clear
draw 0 0 350 350
draw 360 0 350 350
draw 720 0 350 350
draw 1080 0 350 350
draw 1440 0 350 350
draw 1800 0 350 350
draw 0 360 350 350
draw 360 360 350 350
draw 720 360 350 350
draw 1080 360 350 350
draw 1440 360 350 350
draw 1800 360 350 350
draw 0 720 350 350
draw 360 720 350 350
draw 720 720 350 350
draw 1080 720 350 350
draw 1440 720 350 350
draw 1800 720 350 350
sleep 5
