screensize 1920 1080
delay 0
clear
circle 586 96 761 10730670
circle 1102 782 721 13333334
circle 1359 293 495 1890555
circle 791 295 520 867679
circle 8 101 1047 10214629
circle 927 211 964 14066611
circle 951 999 60 2855517
circle 215 408 1597 6500846
circle 354 603 528 14614411
circle 1891 997 20 12228081
circle 330 744 885 2743702
circle 1850 291 66 3666482
circle 65 880 347 6026990
circle 1081 708 592 1114253
circle 486 233 225 4116274
circle 1661 575 179 3180469
circle 108 354 1428 10434205
circle 522 1011 458 15066407
circle 378 342 1149 6204167
circle 990 644 748 10595764
circle 644 979 185 8562809
circle 1488 592 326 3516058
circle 1268 578 622 10111814
circle 1089 365 6 13932841
circle 599 794 8 12379589
circle 665 520 718 6079235
circle 1896 263 5 5663627
circle 688 737 398 5104860
circle 1578 734 125 15782969
circle 725 517 802 2765272
circle 554 917 734 2873321
circle 762 432 258 15180146
circle 712 654 994 2008846
circle 381 454 914 8742388
circle 1395 1045 405 7438336
circle 57 516 884 13601152
circle 1721 729 154 9913354
circle 492 114 886 14218152
circle 1674 696 23 11628042
circle 1848 808 44 12212633
circle 954 916 773 13831326
circle 1846 216 14 11721422
circle 465 2 763 9019883
circle 1079 722 249 14503006
circle 1671 57 156 13437671
circle 1430 427 243 4945106
circle 742 943 252 12177473
circle 229 458 1481 8305294
circle 864 820 616 12813000
circle 242 58 535 14943944
circle 251 322 1329 6227316
circle 944 821 83 3071766
circle 906 993 471 8316659
circle 1635 959 127 3012477
circle 1620 1049 109 10366151
circle 1547 214 229 16367393
circle 903 542 111 8401405
circle 758 486 313 2861439
circle 1614 1058 7 4094824
circle 280 598 1455 2307628
circle 1785 103 29 12034928
circle 717 501 406 3930423
circle 550 479 230 16039803
circle 766 988 540 4072973
circle 174 313 318 10805461
circle 1315 324 20 4284145
circle 402 968 1286 6329141
circle 1329 526 470 11520777
circle 272 898 1476 96970
circle 781 119 713 1422578
circle 948 551 861 16544734
circle 167 1045 386 15741927
circle 549 812 1250 5690891
circle 1480 452 145 12296578
circle 1842 540 51 8502512
circle 890 392 555 1629691
circle 819 1034 406 2128012
circle 1443 216 87 16688387
circle 1715 352 130 8488728
circle 1474 433 215 9598259
circle 865 1075 543 6011517
circle 149 794 1461 7523322
circle 1248 565 88 3369809
circle 92 1033 1611 15906863
circle 682 1054 1017 10869607
circle 1369 828 287 328997
circle 341 282 1359 12265968
circle 1841 157 34 5996623
circle 1359 928 549 4815664
circle 216 822 5 9247620
circle 1129 1068 189 6698421
circle 1250 1078 210 15461821
circle 318 648 430 14448433
circle 1528 311 374 1201268
circle 253 810 888 10625751
circle 448 945 121 1357701
circle 110 923 173 5188424
circle 90 882 447 11776432
circle 372 30 425 11336218
circle 431 35 822 14720924
sleep 10
