delay 0
clear
draw 148 100 20 20
draw 160 100 20 20
draw 124 130 20 20
draw 136 130 20 20
draw 148 130 20 20
draw 160 130 20 20
draw 148 160 20 20
draw 160 160 20 20
draw 148 190 20 20
draw 160 190 20 20
draw 148 220 20 20
draw 160 220 20 20
draw 148 250 20 20
draw 160 250 20 20
draw 148 280 20 20
draw 160 280 20 20
draw 244 100 20 20
draw 256 100 20 20
draw 268 100 20 20
draw 280 100 20 20
draw 292 100 20 20
draw 232 130 20 20
draw 244 130 20 20
draw 292 130 20 20
draw 304 130 20 20
draw 280 160 20 20
draw 292 160 20 20
draw 268 190 20 20
draw 280 190 20 20
draw 256 220 20 20
draw 268 220 20 20
draw 244 250 20 20
draw 256 250 20 20
draw 232 280 20 20
draw 244 280 20 20
draw 256 280 20 20
draw 268 280 20 20
draw 280 280 20 20
draw 292 280 20 20
draw 304 280 20 20
draw 388 130 20 20
draw 400 130 20 20
draw 388 160 20 20
draw 400 160 20 20
draw 388 250 20 20
draw 400 250 20 20
draw 388 280 20 20
draw 400 280 20 20
draw 484 100 20 20
draw 496 100 20 20
draw 508 100 20 20
draw 520 100 20 20
draw 532 100 20 20
draw 472 130 20 20
draw 484 130 20 20
draw 532 130 20 20
draw 544 130 20 20
draw 532 160 20 20
draw 544 160 20 20
draw 508 190 20 20
draw 520 190 20 20
draw 532 190 20 20
draw 532 220 20 20
draw 544 220 20 20
draw 472 250 20 20
draw 484 250 20 20
draw 532 250 20 20
draw 544 250 20 20
draw 484 280 20 20
draw 496 280 20 20
draw 508 280 20 20
draw 520 280 20 20
draw 532 280 20 20
draw 628 100 20 20
draw 640 100 20 20
draw 652 100 20 20
draw 616 130 20 20
draw 628 130 20 20
draw 640 130 20 20
draw 652 130 20 20
draw 604 160 20 20
draw 616 160 20 20
draw 640 160 20 20
draw 652 160 20 20
draw 592 190 20 20
draw 604 190 20 20
draw 640 190 20 20
draw 652 190 20 20
draw 592 220 20 20
draw 604 220 20 20
draw 616 220 20 20
draw 628 220 20 20
draw 640 220 20 20
draw 652 220 20 20
draw 664 220 20 20
draw 640 250 20 20
draw 652 250 20 20
draw 640 280 20 20
draw 652 280 20 20
