screensize 1920 1080
delay 0
clear
rectangle 183 303 51 399 11385670
rectangle 1135 264 698 538 10629200
rectangle 1231 214 186 367 13075166
rectangle 6 945 134 1 15626259
rectangle 1232 843 320 112 14687893
rectangle 482 612 1434 257 2355941
rectangle 1885 342 23 129 10187344
rectangle 984 383 641 218 5036158
rectangle 1117 829 563 72 1132625
rectangle 928 966 132 69 5370499
rectangle 1154 654 219 91 10489798
rectangle 279 671 1246 150 14603506
rectangle 575 171 274 440 11727651
rectangle 841 194 814 568 7844589
rectangle 206 807 1682 45 9186928
rectangle 1511 517 285 308 13778831
rectangle 955 556 634 6 637054
rectangle 912 966 632 60 16002174
rectangle 328 790 268 203 6822184
rectangle 817 844 356 17 2230007
rectangle 1558 108 202 278 10849972
rectangle 387 152 1505 742 1411031
rectangle 1775 395 49 141 2358233
rectangle 918 1019 823 20 11137627
rectangle 1009 1019 130 47 13323334
rectangle 272 59 1624 320 5555400
rectangle 485 727 1204 132 10505864
rectangle 1873 244 11 481 6027768
rectangle 236 610 1134 86 12908049
rectangle 114 540 638 245 7892051
rectangle 1755 342 124 260 3526635
rectangle 90 471 1328 339 66356
rectangle 835 382 984 390 8535935
rectangle 90 905 1204 130 14866827
rectangle 708 166 125 779 6121633
rectangle 480 820 548 89 10042897
rectangle 1462 892 445 20 8317156
rectangle 862 807 609 215 15541685
rectangle 57 197 1368 624 13819790
rectangle 829 656 94 191 9733048
rectangle 967 110 172 291 7393689
rectangle 777 204 578 132 12949493
rectangle 279 993 761 79 11590367
rectangle 465 737 785 325 4533298
rectangle 1452 129 261 162 3596446
rectangle 1012 77 428 700 6676825
rectangle 1361 391 504 681 7766184
rectangle 551 609 1294 186 12589992
rectangle 1331 444 308 595 1284016
rectangle 930 886 448 118 1878565
rectangle 728 966 790 9 7365955
rectangle 717 36 80 500 13075904
rectangle 1876 503 32 473 10320437
rectangle 875 570 458 11 869786
rectangle 1863 535 6 254 9213135
rectangle 1696 926 74 48 15423448
rectangle 517 247 259 618 7580268
rectangle 1500 978 413 52 5899690
rectangle 801 566 793 228 8759415
rectangle 237 757 741 177 1483088
rectangle 163 332 72 222 11107497
rectangle 266 673 573 196 4710485
rectangle 608 864 1053 148 8404828
rectangle 870 344 27 632 12380960
rectangle 1794 782 48 117 12550577
rectangle 357 579 1278 41 2040977
rectangle 1873 188 2 469 9051728
rectangle 109 849 1493 91 9010781
rectangle 69 417 19 568 10939997
rectangle 780 564 576 159 6495494
rectangle 131 961 978 91 14674116
rectangle 1574 693 249 172 2972528
rectangle 1779 694 126 286 12357667
rectangle 1017 632 722 81 15463172
rectangle 432 646 1258 351 14096521
rectangle 1297 872 381 156 14375461
rectangle 711 1035 449 41 7203647
rectangle 210 96 828 800 11086956
rectangle 866 452 450 522 13291850
rectangle 1636 810 2 31 7132386
rectangle 1854 814 47 119 10809458
rectangle 1708 633 208 326 3799932
rectangle 1770 266 55 355 6072289
rectangle 828 599 640 429 10526600
rectangle 625 75 952 257 7876032
rectangle 831 284 445 688 15828923
rectangle 498 993 470 11 13350131
rectangle 1267 608 594 382 9575663
rectangle 760 51 122 685 9287292
rectangle 9 60 1604 668 5413750
rectangle 1187 673 538 100 8752498
rectangle 581 755 443 42 6507512
rectangle 342 83 1459 558 3767456
rectangle 31 866 1643 98 915820
rectangle 294 331 11 123 8078044
rectangle 920 1057 541 1 3334046
rectangle 659 164 175 322 8631871
rectangle 1868 272 42 389 4934347
rectangle 974 1058 425 21 2726005
rectangle 1106 594 713 96 3875711
sleep 10
