screensize 1920 1080
delay 0
clear
line 890 687 1428 74 8436262
line 714 221 521 884 6040412
line 756 510 235 726 14079890
line 1578 720 482 377 3656285
line 1805 231 102 14 8787182
line 1286 693 108 1038 3848241
line 1583 1027 289 573 13083018
line 258 659 1745 487 8652884
line 974 15 481 491 5913355
line 961 264 937 460 15827002
line 1065 901 261 994 14735733
line 484 438 1241 322 14421503
line 1767 1031 1467 508 15381173
line 285 787 383 317 3307983
line 210 99 1156 976 13257349
line 1491 680 1212 157 11292584
line 1749 582 1299 1034 5032912
line 1400 183 1743 797 6596754
line 850 63 46 356 3520869
line 1212 1014 59 467 4711687
line 393 566 260 1010 3694912
line 1181 1073 87 673 15457648
line 491 249 201 145 808604
line 479 638 1595 422 15429738
line 1008 827 1755 266 1489128
line 984 979 66 579 5076331
line 88 866 691 196 16504844
line 414 431 1785 967 2230724
line 312 346 333 959 7520283
line 31 848 683 153 1101543
line 1333 287 1591 1049 5242754
line 1443 447 1713 885 2512101
line 1244 855 1661 825 12125049
line 1166 401 1381 904 5183852
line 168 864 797 749 7446373
line 272 560 1332 1022 5757059
line 456 836 1300 958 2590351
line 315 304 1149 307 11674651
line 244 716 127 589 7355917
line 177 474 123 245 7097824
line 1373 1009 1819 664 16205983
line 428 183 191 693 12526388
line 411 377 664 671 6851382
line 1797 743 571 495 11679515
line 230 868 1800 889 1446275
line 153 206 1516 854 13061496
line 1012 741 1094 507 13447843
line 1337 656 902 187 10867845
line 1035 69 195 220 15094390
line 1020 381 1845 256 7794254
line 1710 77 579 244 14316011
line 617 1053 56 145 12046228
line 1684 51 581 13 2079803
line 1455 262 1428 603 7494112
line 1285 913 1738 29 3962616
line 1773 677 1148 697 8250432
line 592 265 216 572 845057
line 1406 468 307 541 11097259
line 1170 825 1916 1003 16658363
line 1675 979 437 257 7714778
line 1765 927 954 398 8140252
line 551 966 335 179 6502447
line 522 294 1700 231 10951448
line 1680 680 270 1055 16328385
line 472 341 217 344 760021
line 1564 919 187 121 9611955
line 236 887 1047 595 6034967
line 621 140 920 873 4579450
line 428 276 1161 74 4343238
line 1350 917 1080 832 12935255
line 728 847 1873 1061 6180806
line 1455 1041 1128 287 6319108
line 895 800 740 538 12178847
line 566 737 218 20 4018148
line 1299 457 38 942 4571509
line 201 219 1405 623 13689979
line 363 576 587 829 7516350
line 231 334 469 339 1789447
line 1584 25 631 402 5701670
line 1518 309 1506 335 8267880
line 211 670 1805 887 2571891
line 1372 720 146 851 6381055
line 1174 459 617 395 12597086
line 58 995 1198 314 5706812
line 1684 1076 548 764 14168291
line 1349 374 1366 670 4945626
line 957 170 1450 406 15457465
line 1173 7 1474 496 11596513
line 482 1065 1731 898 16392677
line 789 594 759 782 10109126
line 585 695 699 392 6450907
line 1684 581 1737 771 12768617
line 228 386 1433 827 3977851
line 1475 454 1353 9 15377955
line 1233 345 955 298 8165809
line 224 552 1033 911 16727340
line 846 688 823 814 3457034
line 190 374 292 781 13189196
line 239 56 1007 641 15050016
line 1917 184 461 397 2404860
line 364 724 1121 881 11093895
line 1710 939 560 539 8382535
line 1153 139 294 997 4219522
line 1367 324 225 170 2801695
line 1891 636 1435 344 8681507
line 239 362 82 981 8406997
line 1850 237 1115 14 2629783
line 20 533 1614 1041 16756817
line 560 320 193 594 10716205
line 302 140 1495 611 1470363
line 527 404 900 952 15254741
line 1840 336 263 572 12342779
line 427 938 1677 1059 14626881
line 1592 583 721 1073 12350272
line 1851 207 139 78 3032113
line 85 571 615 609 3853895
line 189 320 195 326 10499573
line 1705 588 1837 682 15867102
line 60 215 1900 696 4297927
line 1410 299 869 52 2309345
line 242 854 1512 534 6064282
line 661 1050 827 206 797962
line 442 997 249 118 4265229
line 42 1065 1749 783 10664308
line 1893 915 1570 280 3188681
line 1852 980 1776 207 10720583
line 1848 974 1481 167 13732974
line 219 953 1440 208 5045059
line 991 81 239 345 15314110
line 548 152 139 221 7923415
line 1320 286 613 393 10785900
line 1778 128 1298 308 10821220
line 748 769 746 953 12903636
line 1196 278 839 571 593933
line 372 856 817 759 10397885
line 598 958 1731 801 9265272
line 135 123 1798 957 11523221
line 480 209 1261 592 3192473
line 1445 552 13 217 8622069
line 111 565 1273 1036 5581043
line 1758 629 1095 301 3845163
line 1912 50 993 494 83352
line 797 413 1502 946 10519981
line 454 107 1704 808 4741965
line 127 524 1348 357 13027122
line 1416 635 1784 1018 16278069
line 269 500 62 526 10078792
line 1656 683 12 686 14094244
line 886 111 1732 817 14026557
line 1768 565 1687 480 11938358
line 1741 631 704 664 1719223
line 742 334 845 854 9543861
line 984 374 1089 996 1438067
line 215 392 1510 59 14853065
line 1839 8 486 811 14196196
line 1889 984 1621 108 443426
line 1157 773 1603 866 11384104
line 1068 56 978 786 7167584
line 243 528 1331 663 819366
line 125 897 350 51 14703748
line 1713 717 1391 68 1565294
line 958 995 1011 209 10858615
line 426 265 1236 701 12418141
line 1626 1004 1083 1019 9183924
line 1782 62 390 249 711881
line 238 129 1277 855 12353167
line 646 811 184 259 3149230
line 335 328 1814 723 484919
line 514 366 1859 427 9256886
line 145 785 849 944 2902978
line 89 342 352 566 5565406
line 446 585 572 582 9779929
line 1637 538 1890 398 12105635
line 1327 4 748 672 14138535
line 1636 594 865 954 7310558
line 246 863 246 627 14463949
line 1685 204 1330 304 885612
line 94 509 789 371 11268481
line 126 144 1398 308 15721726
line 1894 399 1515 355 1936103
line 1225 624 973 724 12986272
line 459 445 1204 794 7433448
line 439 714 1289 181 10981336
line 1488 65 842 79 6096057
line 1338 426 70 701 13440536
line 1414 74 869 273 10346586
line 159 473 797 728 6599400
line 482 720 1433 148 16730303
line 57 565 249 399 13134226
line 823 972 1796 914 4812921
line 190 140 573 791 9064928
line 1120 1005 148 571 10682067
line 1206 535 848 1040 14784101
line 1109 316 126 730 7671506
line 1053 785 1761 1063 5224391
line 644 465 1051 886 659855
line 1812 810 1806 384 4413071
line 706 610 1536 440 1812348
line 844 744 1626 413 14960440
line 1379 657 932 170 12269416
line 250 249 1190 968 13000856
line 1100 7 1040 600 13587689
line 432 890 70 758 2865043
line 1254 320 1356 455 39585
line 176 262 395 778 7923224
line 770 345 1110 1047 1365174
line 1442 88 1595 283 2472908
line 201 443 137 977 3727957
line 231 574 1541 108 14985187
line 1214 747 707 546 2905167
line 606 113 1363 105 4492069
line 1824 397 1633 933 11353412
line 592 2 261 106 8839955
line 815 31 277 493 5610691
line 1913 163 1035 356 328492
line 1880 135 1750 622 7414061
line 1781 855 385 356 7058312
line 1045 451 510 637 15264023
line 767 716 923 805 8019347
line 799 669 81 436 3372987
line 1141 295 59 214 6751633
line 908 1001 756 1073 5475041
line 363 720 1335 912 4455390
line 1869 959 615 829 7154809
line 1738 96 1496 107 14094792
line 1564 526 740 358 5909780
line 1433 1077 1686 129 8836593
line 252 1003 354 263 6470973
line 1095 172 14 778 1762154
line 765 22 1696 968 1590594
line 338 622 219 839 2287609
line 477 783 589 467 16109821
line 163 425 1589 1010 1692323
line 832 792 1329 817 6772651
line 1866 136 1837 938 16305993
line 1399 98 1755 200 1388301
line 227 322 638 154 682401
line 497 690 31 832 7822067
line 995 641 646 26 13753613
line 1508 609 759 808 9763611
line 1712 1035 551 319 8854630
line 1374 902 1164 728 15598665
line 1010 459 835 149 6717691
line 163 444 1585 791 9640087
line 882 774 1599 791 6344866
line 1261 954 720 479 5461336
line 674 842 9 89 4279654
line 949 614 1898 545 805426
line 984 1047 939 176 3779604
line 1414 94 1004 855 9480542
line 400 924 965 346 6895959
line 632 622 234 854 9062568
line 1593 693 1878 553 81222
line 1255 530 4 682 15922985
line 1476 69 834 406 617617
line 839 88 867 415 9037344
line 1876 288 1462 419 15537036
line 1024 822 1832 510 4934124
line 1461 736 694 1011 13700249
line 893 599 1489 21 6726060
line 363 37 15 879 8487084
line 92 584 1281 881 3658516
line 1096 514 835 818 12546366
line 183 382 723 397 14094540
line 756 446 657 947 16041872
line 347 612 1238 122 5155752
line 1124 266 10 1004 2234923
line 836 215 193 955 12548865
line 242 890 1728 547 7776486
line 1463 557 839 845 4170710
line 343 204 1766 873 16184944
line 561 500 93 1063 14036415
line 86 691 344 879 4083606
line 121 808 354 216 3054500
line 1557 912 1076 588 14174776
line 1014 81 372 765 1813854
line 404 429 141 1025 4478059
line 1560 468 307 747 10096637
line 268 420 520 490 6094319
line 168 593 1848 278 15219151
line 509 302 914 250 1386849
line 325 37 642 47 6556561
line 477 303 1457 94 2205078
line 1185 863 134 344 8676415
line 1115 717 859 253 9239139
line 1628 185 1562 339 12895019
line 1784 380 1390 81 13719068
line 1348 564 737 35 3927258
line 183 69 569 387 11547259
line 1915 1064 969 90 8393101
line 492 224 1409 355 12233199
line 1670 882 868 484 4001387
line 883 134 1712 333 5675456
line 1041 688 48 316 1050347
line 1269 100 506 810 2254093
line 584 997 621 877 10157964
line 1361 366 267 428 6924658
line 1419 306 1101 476 3216515
line 311 1054 776 12 5979221
line 387 124 176 722 8193929
