screensize 1920 1080
delay 0
clear
draw 0 50 50 50
draw 100 50 50 50
draw 200 50 50 50
draw 300 50 50 50
draw 400 50 50 50
draw 500 50 50 50
draw 600 50 50 50
draw 700 50 50 50
draw 800 50 50 50
draw 900 50 50 50
draw 1000 50 50 50
draw 1100 50 50 50
draw 1200 50 50 50
draw 1300 50 50 50
draw 1400 50 50 50
draw 1500 50 50 50
draw 1600 50 50 50
draw 1700 50 50 50
draw 1800 50 50 50
draw 0 150 50 50
draw 0 270 50 50
draw 0 390 50 50
draw 0 510 50 50
draw 0 630 50 50
draw 0 750 50 50
draw 0 870 50 50
draw 125 125 250 250
draw 425 125 250 250
draw 725 125 250 250
draw 1025 125 250 250
draw 1325 125 250 250
draw 125 425 250 250
draw 425 425 250 250
draw 725 425 250 250
draw 1025 425 250 250
draw 1325 425 250 250
draw 125 725 250 250
draw 425 725 250 250
draw 725 725 250 250
draw 1025 725 250 250
draw 1325 725 250 250
draw 0 960 50 50
draw 100 960 50 50
draw 200 960 50 50
draw 300 960 50 50
draw 400 960 50 50
draw 500 960 50 50
draw 600 960 50 50
draw 700 960 50 50
draw 800 960 50 50
draw 900 960 50 50
draw 1000 960 50 50
draw 1100 960 50 50
draw 1200 960 50 50
draw 1300 960 50 50
draw 1400 960 50 50
draw 1500 960 50 50
draw 1600 960 50 50
draw 1700 960 50 50
draw 1800 960 50 50
draw 1800 150 50 50
draw 1800 270 50 50
draw 1800 390 50 50
draw 1800 510 50 50
draw 1800 630 50 50
draw 1800 750 50 50
draw 1800 870 50 50
