screensize 1920 1080
delay 0
clear
draw 0 540 20 20
draw 30 746 20 20
draw 60 921 20 20
draw 90 1038 20 20
draw 120 1079 20 20
draw 150 1039 20 20
draw 180 922 20 20
draw 210 747 20 20
draw 240 540 20 20
draw 270 335 20 20
draw 300 159 20 20
draw 330 42 20 20
draw 360 1 20 20
draw 390 41 20 20
draw 420 158 20 20
draw 450 332 20 20
draw 480 539 20 20
draw 510 744 20 20
draw 540 920 20 20
draw 570 1038 20 20
draw 600 1079 20 20
draw 630 1039 20 20
draw 660 923 20 20
draw 690 748 20 20
draw 720 542 20 20
draw 750 336 20 20
draw 780 161 20 20
draw 810 43 20 20
draw 840 1 20 20
draw 870 40 20 20
draw 900 156 20 20
draw 930 331 20 20
draw 960 537 20 20
draw 990 743 20 20
draw 1020 919 20 20
draw 1050 1037 20 20
draw 1080 1079 20 20
draw 1110 1040 20 20
draw 1140 924 20 20
draw 1170 750 20 20
draw 1200 544 20 20
draw 1230 338 20 20
draw 1260 162 20 20
draw 1290 43 20 20
draw 1320 1 20 20
draw 1350 40 20 20
draw 1380 155 20 20
draw 1410 329 20 20
draw 1440 535 20 20
draw 1470 741 20 20
draw 1500 918 20 20
draw 1530 1036 20 20
draw 1560 1079 20 20
draw 1590 1041 20 20
draw 1620 925 20 20
draw 1650 752 20 20
draw 1680 546 20 20
draw 1710 340 20 20
draw 1740 163 20 20
draw 1770 44 20 20
draw 1800 1 20 20
draw 1830 39 20 20
draw 1860 154 20 20
draw 1890 328 20 20
sleep 5
clear
draw 0 540 30 30
draw 40 809 30 30
draw 80 1007 30 30
draw 120 1079 30 30
draw 160 1007 30 30
draw 200 810 30 30
draw 240 540 30 30
draw 280 271 30 30
draw 320 73 30 30
draw 360 1 30 30
draw 400 72 30 30
draw 440 269 30 30
draw 480 539 30 30
draw 520 808 30 30
draw 560 1006 30 30
draw 600 1079 30 30
draw 640 1008 30 30
draw 680 812 30 30
draw 720 542 30 30
draw 760 273 30 30
draw 800 74 30 30
draw 840 1 30 30
draw 880 71 30 30
draw 920 268 30 30
draw 960 537 30 30
draw 1000 806 30 30
draw 1040 1005 30 30
draw 1080 1079 30 30
draw 1120 1009 30 30
draw 1160 813 30 30
draw 1200 544 30 30
draw 1240 274 30 30
draw 1280 75 30 30
draw 1320 1 30 30
draw 1360 70 30 30
draw 1400 266 30 30
draw 1440 535 30 30
draw 1480 805 30 30
draw 1520 1004 30 30
draw 1560 1079 30 30
draw 1600 1010 30 30
draw 1640 815 30 30
draw 1680 546 30 30
draw 1720 276 30 30
draw 1760 76 30 30
draw 1800 1 30 30
draw 1840 70 30 30
draw 1880 265 30 30
sleep 5
clear
draw 0 540 40 40
draw 50 868 40 40
draw 100 1061 40 40
draw 150 1039 40 40
draw 200 810 40 40
draw 250 471 40 40
draw 300 159 40 40
draw 350 5 40 40
draw 400 72 40 40
draw 450 332 40 40
draw 500 678 40 40
draw 550 967 40 40
draw 600 1079 40 40
draw 650 969 40 40
draw 700 682 40 40
draw 750 336 40 40
draw 800 74 40 40
draw 850 5 40 40
draw 900 156 40 40
draw 950 467 40 40
draw 1000 806 40 40
draw 1050 1037 40 40
draw 1100 1062 40 40
draw 1150 871 40 40
draw 1200 544 40 40
draw 1250 215 40 40
draw 1300 20 40 40
draw 1350 40 40 40
draw 1400 266 40 40
draw 1450 605 40 40
draw 1500 918 40 40
draw 1550 1074 40 40
draw 1600 1010 40 40
draw 1650 752 40 40
draw 1700 407 40 40
draw 1750 116 40 40
draw 1800 1 40 40
draw 1850 108 40 40
draw 1900 394 40 40
sleep 5
clear
draw 0 540 50 50
draw 60 921 50 50
draw 120 1079 50 50
draw 180 922 50 50
draw 240 540 50 50
draw 300 159 50 50
draw 360 1 50 50
draw 420 158 50 50
draw 480 539 50 50
draw 540 920 50 50
draw 600 1079 50 50
draw 660 923 50 50
draw 720 542 50 50
draw 780 161 50 50
draw 840 1 50 50
draw 900 156 50 50
draw 960 537 50 50
draw 1020 919 50 50
draw 1080 1079 50 50
draw 1140 924 50 50
draw 1200 544 50 50
draw 1260 162 50 50
draw 1320 1 50 50
draw 1380 155 50 50
draw 1440 535 50 50
draw 1500 918 50 50
draw 1560 1079 50 50
draw 1620 925 50 50
draw 1680 546 50 50
draw 1740 163 50 50
draw 1800 1 50 50
draw 1860 154 50 50
sleep 5
clear
draw 0 540 60 60
draw 70 968 60 60
draw 140 1061 60 60
draw 210 747 60 60
draw 280 271 60 60
draw 350 5 60 60
draw 420 158 60 60
draw 490 608 60 60
draw 560 1006 60 60
draw 630 1039 60 60
draw 700 682 60 60
draw 770 214 60 60
draw 840 1 60 60
draw 910 209 60 60
draw 980 676 60 60
draw 1050 1037 60 60
draw 1120 1009 60 60
draw 1190 614 60 60
draw 1260 162 60 60
draw 1330 5 60 60
draw 1400 266 60 60
draw 1470 741 60 60
draw 1540 1060 60 60
draw 1610 971 60 60
draw 1680 546 60 60
draw 1750 116 60 60
draw 1820 17 60 60
draw 1890 328 60 60
sleep 5
clear
draw 0 540 70 70
draw 80 1007 70 70
draw 160 1007 70 70
draw 240 540 70 70
draw 320 73 70 70
draw 400 72 70 70
draw 480 539 70 70
draw 560 1006 70 70
draw 640 1008 70 70
draw 720 542 70 70
draw 800 74 70 70
draw 880 71 70 70
draw 960 537 70 70
draw 1040 1005 70 70
draw 1120 1009 70 70
draw 1200 544 70 70
draw 1280 75 70 70
draw 1360 70 70 70
draw 1440 535 70 70
draw 1520 1004 70 70
draw 1600 1010 70 70
draw 1680 546 70 70
draw 1760 76 70 70
draw 1840 70 70 70
sleep 5
clear
draw 0 540 80 80
draw 90 1038 80 80
draw 180 922 80 80
draw 270 335 80 80
draw 360 1 80 80
draw 450 332 80 80
draw 540 920 80 80
draw 630 1039 80 80
draw 720 542 80 80
draw 810 43 80 80
draw 900 156 80 80
draw 990 743 80 80
draw 1080 1079 80 80
draw 1170 750 80 80
draw 1260 162 80 80
draw 1350 40 80 80
draw 1440 535 80 80
draw 1530 1036 80 80
draw 1620 925 80 80
draw 1710 340 80 80
draw 1800 1 80 80
draw 1890 328 80 80
sleep 5
clear
draw 0 540 90 90
draw 100 1061 90 90
draw 200 810 90 90
draw 300 159 90 90
draw 400 72 90 90
draw 500 678 90 90
draw 600 1079 90 90
draw 700 682 90 90
draw 800 74 90 90
draw 900 156 90 90
draw 1000 806 90 90
draw 1100 1062 90 90
draw 1200 544 90 90
draw 1300 20 90 90
draw 1400 266 90 90
draw 1500 918 90 90
draw 1600 1010 90 90
draw 1700 407 90 90
draw 1800 1 90 90
draw 1900 394 90 90
sleep 5
clear
draw 0 540 100 100
draw 110 1075 100 100
draw 220 680 100 100
draw 330 42 100 100
draw 440 269 100 100
draw 550 967 100 100
draw 660 923 100 100
draw 770 214 100 100
draw 880 71 100 100
draw 990 743 100 100
draw 1100 1062 100 100
draw 1210 474 100 100
draw 1320 1 100 100
draw 1430 465 100 100
draw 1540 1060 100 100
draw 1650 752 100 100
draw 1760 76 100 100
draw 1870 206 100 100
sleep 5
clear
draw 0 540 110 110
draw 120 1079 110 110
draw 240 540 110 110
draw 360 1 110 110
draw 480 539 110 110
draw 600 1079 110 110
draw 720 542 110 110
draw 840 1 110 110
draw 960 537 110 110
draw 1080 1079 110 110
draw 1200 544 110 110
draw 1320 1 110 110
draw 1440 535 110 110
draw 1560 1079 110 110
draw 1680 546 110 110
draw 1800 1 110 110
sleep 5
clear
draw 0 540 120 120
draw 130 1075 120 120
draw 260 402 120 120
draw 390 41 120 120
draw 520 808 120 120
draw 650 969 120 120
draw 780 161 120 120
draw 910 209 120 120
draw 1040 1005 120 120
draw 1170 750 120 120
draw 1300 20 120 120
draw 1430 465 120 120
draw 1560 1079 120 120
draw 1690 476 120 120
draw 1820 17 120 120
sleep 5
clear
draw 0 540 130 130
draw 140 1061 130 130
draw 280 271 130 130
draw 420 158 130 130
draw 560 1006 130 130
draw 700 682 130 130
draw 840 1 130 130
draw 980 676 130 130
draw 1120 1009 130 130
draw 1260 162 130 130
draw 1400 266 130 130
draw 1540 1060 130 130
draw 1680 546 130 130
draw 1820 17 130 130
sleep 5
clear
draw 0 540 140 140
draw 150 1039 140 140
draw 300 159 140 140
draw 450 332 140 140
draw 600 1079 140 140
draw 750 336 140 140
draw 900 156 140 140
draw 1050 1037 140 140
draw 1200 544 140 140
draw 1350 40 140 140
draw 1500 918 140 140
draw 1650 752 140 140
draw 1800 1 140 140
sleep 5
clear
draw 0 540 150 150
draw 160 1007 150 150
draw 320 73 150 150
draw 480 539 150 150
draw 640 1008 150 150
draw 800 74 150 150
draw 960 537 150 150
draw 1120 1009 150 150
draw 1280 75 150 150
draw 1440 535 150 150
draw 1600 1010 150 150
draw 1760 76 150 150
sleep 5
clear
draw 0 540 160 160
draw 170 968 160 160
draw 340 19 160 160
draw 510 744 160 160
draw 680 812 160 160
draw 850 5 160 160
draw 1020 919 160 160
draw 1190 614 160 160
draw 1360 70 160 160
draw 1530 1036 160 160
draw 1700 407 160 160
draw 1870 206 160 160
sleep 5
clear
draw 0 540 170 170
draw 180 922 170 170
draw 360 1 170 170
draw 540 920 170 170
draw 720 542 170 170
draw 900 156 170 170
draw 1080 1079 170 170
draw 1260 162 170 170
draw 1440 535 170 170
draw 1620 925 170 170
draw 1800 1 170 170
sleep 5
clear
draw 0 540 180 180
draw 190 869 180 180
draw 380 19 180 180
draw 570 1038 180 180
draw 760 273 180 180
draw 950 467 180 180
draw 1140 924 180 180
draw 1330 5 180 180
draw 1520 1004 180 180
draw 1710 340 180 180
draw 1900 394 180 180
sleep 5
clear
draw 0 540 190 190
draw 200 810 190 190
draw 400 72 190 190
draw 600 1079 190 190
draw 800 74 190 190
draw 1000 806 190 190
draw 1200 544 190 190
draw 1400 266 190 190
draw 1600 1010 190 190
draw 1800 1 190 190
sleep 5
clear
draw 0 540 200 200
draw 210 747 200 200
draw 420 158 200 200
draw 630 1039 200 200
draw 840 1 200 200
draw 1050 1037 200 200
draw 1260 162 200 200
draw 1470 741 200 200
draw 1680 546 200 200
draw 1890 328 200 200
sleep 5
clear
draw 0 540 210 210
draw 220 680 210 210
draw 440 269 210 210
draw 660 923 210 210
draw 880 71 210 210
draw 1100 1062 210 210
draw 1320 1 210 210
draw 1540 1060 210 210
draw 1760 76 210 210
sleep 5
clear
draw 0 540 220 220
draw 230 611 220 220
draw 460 399 220 220
draw 690 748 220 220
draw 920 268 220 220
draw 1150 871 220 220
draw 1380 155 220 220
draw 1610 971 220 220
draw 1840 70 220 220
sleep 5
clear
draw 0 540 230 230
draw 240 540 230 230
draw 480 539 230 230
draw 720 542 230 230
draw 960 537 230 230
draw 1200 544 230 230
draw 1440 535 230 230
draw 1680 546 230 230
sleep 5
clear
draw 0 540 240 240
draw 250 471 240 240
draw 500 678 240 240
draw 750 336 240 240
draw 1000 806 240 240
draw 1250 215 240 240
draw 1500 918 240 240
draw 1750 116 240 240
sleep 5
clear
draw 0 540 250 250
draw 260 402 250 250
draw 520 808 250 250
draw 780 161 250 250
draw 1040 1005 250 250
draw 1300 20 250 250
draw 1560 1079 250 250
draw 1820 17 250 250
sleep 5
clear
draw 0 540 260 260
draw 270 335 260 260
draw 540 920 260 260
draw 810 43 260 260
draw 1080 1079 260 260
draw 1350 40 260 260
draw 1620 925 260 260
draw 1890 328 260 260
sleep 5
clear
draw 0 540 270 270
draw 280 271 270 270
draw 560 1006 270 270
draw 840 1 270 270
draw 1120 1009 270 270
draw 1400 266 270 270
draw 1680 546 270 270
sleep 5
clear
draw 0 540 280 280
draw 290 213 280 280
draw 580 1061 280 280
draw 870 40 280 280
draw 1160 813 280 280
draw 1450 605 280 280
draw 1740 163 280 280
sleep 5
clear
draw 0 540 290 290
draw 300 159 290 290
draw 600 1079 290 290
draw 900 156 290 290
draw 1200 544 290 290
draw 1500 918 290 290
draw 1800 1 290 290
sleep 5
clear
draw 0 540 300 300
draw 310 113 300 300
draw 620 1062 300 300
draw 930 331 300 300
draw 1240 274 300 300
draw 1550 1074 300 300
draw 1860 154 300 300
sleep 5
clear
draw 0 540 310 310
draw 320 73 310 310
draw 640 1008 310 310
draw 960 537 310 310
draw 1280 75 310 310
draw 1600 1010 310 310
sleep 5
clear
draw 0 540 320 320
draw 330 42 320 320
draw 660 923 320 320
draw 990 743 320 320
draw 1320 1 320 320
draw 1650 752 320 320
sleep 5
clear
draw 0 540 330 330
draw 340 19 330 330
draw 680 812 330 330
draw 1020 919 330 330
draw 1360 70 330 330
draw 1700 407 330 330
sleep 5
clear
draw 0 540 340 340
draw 350 5 340 340
draw 700 682 340 340
draw 1050 1037 340 340
draw 1400 266 340 340
draw 1750 116 340 340
sleep 5
clear
draw 0 540 350 350
draw 360 1 350 350
draw 720 542 350 350
draw 1080 1079 350 350
draw 1440 535 350 350
draw 1800 1 350 350
sleep 5
clear
draw 0 540 360 360
draw 370 5 360 360
draw 740 403 360 360
draw 1110 1040 360 360
draw 1480 805 360 360
draw 1850 108 360 360
sleep 5
clear
draw 0 540 370 370
draw 380 19 370 370
draw 760 273 370 370
draw 1140 924 370 370
draw 1520 1004 370 370
draw 1900 394 370 370
sleep 5
clear
draw 0 540 380 380
draw 390 41 380 380
draw 780 161 380 380
draw 1170 750 380 380
draw 1560 1079 380 380
sleep 5
clear
draw 0 540 390 390
draw 400 72 390 390
draw 800 74 390 390
draw 1200 544 390 390
draw 1600 1010 390 390
sleep 5
