delay 0
clear
draw 0 0 50 50
draw 30 30 70 70
draw 60 60 90 90
draw 90 90 110 110
draw 120 120 130 130
draw 150 150 150 150
draw 180 180 170 170
draw 210 210 190 190
draw 240 240 210 210
draw 270 270 230 230
draw 300 300 250 250
draw 330 330 270 270
draw 360 360 290 290
draw 390 390 310 310
draw 420 420 330 330
draw 450 450 350 350
draw 480 480 370 370
draw 510 510 390 390
draw 540 540 410 410
draw 570 570 430 430
draw 600 600 450 450
draw 300 0 50 50
draw 330 30 70 70
draw 360 60 90 90
draw 390 90 110 110
draw 420 120 130 130
draw 450 150 150 150
draw 480 180 170 170
draw 510 210 190 190
draw 540 240 210 210
draw 570 270 230 230
draw 600 300 250 250
draw 630 330 270 270
draw 660 360 290 290
draw 690 390 310 310
draw 720 420 330 330
draw 750 450 350 350
draw 780 480 370 370
draw 810 510 390 390
draw 840 540 410 410
draw 870 570 430 430
draw 900 600 450 450
draw 600 0 50 50
draw 630 30 70 70
draw 660 60 90 90
draw 690 90 110 110
draw 720 120 130 130
draw 750 150 150 150
draw 780 180 170 170
draw 810 210 190 190
draw 840 240 210 210
draw 870 270 230 230
draw 900 300 250 250
draw 930 330 270 270
draw 960 360 290 290
draw 990 390 310 310
draw 1020 420 330 330
draw 1050 450 350 350
draw 1080 480 370 370
draw 1110 510 390 390
draw 1140 540 410 410
draw 1170 570 430 430
draw 1200 600 450 450
draw 900 0 50 50
draw 930 30 70 70
draw 960 60 90 90
draw 990 90 110 110
draw 1020 120 130 130
draw 1050 150 150 150
draw 1080 180 170 170
draw 1110 210 190 190
draw 1140 240 210 210
draw 1170 270 230 230
draw 1200 300 250 250
draw 1230 330 270 270
draw 1260 360 290 290
draw 1290 390 310 310
draw 1320 420 330 330
draw 1350 450 350 350
draw 1380 480 370 370
draw 1410 510 390 390
draw 1440 540 410 410
draw 1470 570 430 430
draw 1500 600 450 450
draw 1200 0 50 50
draw 1230 30 70 70
draw 1260 60 90 90
draw 1290 90 110 110
draw 1320 120 130 130
draw 1350 150 150 150
draw 1380 180 170 170
draw 1410 210 190 190
draw 1440 240 210 210
draw 1470 270 230 230
draw 1500 300 250 250
draw 1530 330 270 270
draw 1560 360 290 290
draw 1590 390 310 310
draw 1620 420 330 330
draw 1650 450 350 350
draw 1680 480 370 370
draw 1710 510 390 390
draw 1740 540 410 410
draw 1770 570 430 430
draw 1800 600 450 450
draw 1500 0 50 50
draw 1530 30 70 70
draw 1560 60 90 90
draw 1590 90 110 110
draw 1620 120 130 130
draw 1650 150 150 150
draw 1680 180 170 170
draw 1710 210 190 190
draw 1740 240 210 210
draw 1770 270 230 230
draw 1800 300 250 250
draw 1830 330 270 270
draw 1860 360 290 290
draw 1890 390 310 310
draw 1920 420 330 330
draw 1950 450 350 350
draw 1980 480 370 370
draw 2010 510 390 390
draw 2040 540 410 410
draw 2070 570 430 430
draw 2100 600 450 450
