delay 0
clear
clear
draw 1230 540 20 20
draw 1209 643 20 20
draw 1150 730 20 20
draw 1063 789 20 20
draw 960 809 20 20
draw 857 789 20 20
draw 770 730 20 20
draw 711 643 20 20
draw 691 540 20 20
draw 711 437 20 20
draw 770 350 20 20
draw 857 291 20 20
draw 960 271 20 20
draw 1063 291 20 20
draw 1150 350 20 20
draw 1209 437 20 20
sleep 5
clear
draw 1230 540 40 40
draw 1209 643 40 40
draw 1150 730 40 40
draw 1063 789 40 40
draw 960 809 40 40
draw 857 789 40 40
draw 770 730 40 40
draw 711 643 40 40
draw 691 540 40 40
draw 711 437 40 40
draw 770 350 40 40
draw 857 291 40 40
draw 960 271 40 40
draw 1063 291 40 40
draw 1150 350 40 40
draw 1209 437 40 40
sleep 5
clear
draw 1230 540 60 60
draw 1209 643 60 60
draw 1150 730 60 60
draw 1063 789 60 60
draw 960 809 60 60
draw 857 789 60 60
draw 770 730 60 60
draw 711 643 60 60
draw 691 540 60 60
draw 711 437 60 60
draw 770 350 60 60
draw 857 291 60 60
draw 960 271 60 60
draw 1063 291 60 60
draw 1150 350 60 60
draw 1209 437 60 60
sleep 5
clear
draw 1230 540 80 80
draw 1209 643 80 80
draw 1150 730 80 80
draw 1063 789 80 80
draw 960 809 80 80
draw 857 789 80 80
draw 770 730 80 80
draw 711 643 80 80
draw 691 540 80 80
draw 711 437 80 80
draw 770 350 80 80
draw 857 291 80 80
draw 960 271 80 80
draw 1063 291 80 80
draw 1150 350 80 80
draw 1209 437 80 80
sleep 5
clear
draw 1230 540 100 100
draw 1209 643 100 100
draw 1150 730 100 100
draw 1063 789 100 100
draw 960 809 100 100
draw 857 789 100 100
draw 770 730 100 100
draw 711 643 100 100
draw 691 540 100 100
draw 711 437 100 100
draw 770 350 100 100
draw 857 291 100 100
draw 960 271 100 100
draw 1063 291 100 100
draw 1150 350 100 100
draw 1209 437 100 100
sleep 5
clear
draw 1230 540 120 120
draw 1209 643 120 120
draw 1150 730 120 120
draw 1063 789 120 120
draw 960 809 120 120
draw 857 789 120 120
draw 770 730 120 120
draw 711 643 120 120
draw 691 540 120 120
draw 711 437 120 120
draw 770 350 120 120
draw 857 291 120 120
draw 960 271 120 120
draw 1063 291 120 120
draw 1150 350 120 120
draw 1209 437 120 120
sleep 5
clear
draw 1230 540 140 140
draw 1209 643 140 140
draw 1150 730 140 140
draw 1063 789 140 140
draw 960 809 140 140
draw 857 789 140 140
draw 770 730 140 140
draw 711 643 140 140
draw 691 540 140 140
draw 711 437 140 140
draw 770 350 140 140
draw 857 291 140 140
draw 960 271 140 140
draw 1063 291 140 140
draw 1150 350 140 140
draw 1209 437 140 140
sleep 5
clear
draw 1230 540 160 160
draw 1209 643 160 160
draw 1150 730 160 160
draw 1063 789 160 160
draw 960 809 160 160
draw 857 789 160 160
draw 770 730 160 160
draw 711 643 160 160
draw 691 540 160 160
draw 711 437 160 160
draw 770 350 160 160
draw 857 291 160 160
draw 960 271 160 160
draw 1063 291 160 160
draw 1150 350 160 160
draw 1209 437 160 160
sleep 5
clear
draw 1230 540 180 180
draw 1209 643 180 180
draw 1150 730 180 180
draw 1063 789 180 180
draw 960 809 180 180
draw 857 789 180 180
draw 770 730 180 180
draw 711 643 180 180
draw 691 540 180 180
draw 711 437 180 180
draw 770 350 180 180
draw 857 291 180 180
draw 960 271 180 180
draw 1063 291 180 180
draw 1150 350 180 180
draw 1209 437 180 180
sleep 5
clear
draw 1230 540 200 200
draw 1209 643 200 200
draw 1150 730 200 200
draw 1063 789 200 200
draw 960 809 200 200
draw 857 789 200 200
draw 770 730 200 200
draw 711 643 200 200
draw 691 540 200 200
draw 711 437 200 200
draw 770 350 200 200
draw 857 291 200 200
draw 960 271 200 200
draw 1063 291 200 200
draw 1150 350 200 200
draw 1209 437 200 200
sleep 5
clear
draw 1230 540 220 220
draw 1209 643 220 220
draw 1150 730 220 220
draw 1063 789 220 220
draw 960 809 220 220
draw 857 789 220 220
draw 770 730 220 220
draw 711 643 220 220
draw 691 540 220 220
draw 711 437 220 220
draw 770 350 220 220
draw 857 291 220 220
draw 960 271 220 220
draw 1063 291 220 220
draw 1150 350 220 220
draw 1209 437 220 220
sleep 5
clear
draw 1230 540 240 240
draw 1209 643 240 240
draw 1150 730 240 240
draw 1063 789 240 240
draw 960 809 240 240
draw 857 789 240 240
draw 770 730 240 240
draw 711 643 240 240
draw 691 540 240 240
draw 711 437 240 240
draw 770 350 240 240
draw 857 291 240 240
draw 960 271 240 240
draw 1063 291 240 240
draw 1150 350 240 240
draw 1209 437 240 240
sleep 5
clear
draw 1230 540 260 260
draw 1209 643 260 260
draw 1150 730 260 260
draw 1063 789 260 260
draw 960 809 260 260
draw 857 789 260 260
draw 770 730 260 260
draw 711 643 260 260
draw 691 540 260 260
draw 711 437 260 260
draw 770 350 260 260
draw 857 291 260 260
draw 960 271 260 260
draw 1063 291 260 260
draw 1150 350 260 260
draw 1209 437 260 260
sleep 5
clear
draw 1230 540 280 280
draw 1209 643 280 280
draw 1150 730 280 280
draw 1063 789 280 280
draw 960 809 280 280
draw 857 789 280 280
draw 770 730 280 280
draw 711 643 280 280
draw 691 540 280 280
draw 711 437 280 280
draw 770 350 280 280
draw 857 291 280 280
draw 960 271 280 280
draw 1063 291 280 280
draw 1150 350 280 280
draw 1209 437 280 280
sleep 5
clear
draw 1230 540 300 300
draw 1209 643 300 300
draw 1150 730 300 300
draw 1063 789 300 300
draw 960 809 300 300
draw 857 789 300 300
draw 770 730 300 300
draw 711 643 300 300
draw 691 540 300 300
draw 711 437 300 300
draw 770 350 300 300
draw 857 291 300 300
draw 960 271 300 300
draw 1063 291 300 300
draw 1150 350 300 300
draw 1209 437 300 300
sleep 5
clear
draw 1230 540 320 320
draw 1209 643 320 320
draw 1150 730 320 320
draw 1063 789 320 320
draw 960 809 320 320
draw 857 789 320 320
draw 770 730 320 320
draw 711 643 320 320
draw 691 540 320 320
draw 711 437 320 320
draw 770 350 320 320
draw 857 291 320 320
draw 960 271 320 320
draw 1063 291 320 320
draw 1150 350 320 320
draw 1209 437 320 320
sleep 5
clear
draw 1230 540 340 340
draw 1209 643 340 340
draw 1150 730 340 340
draw 1063 789 340 340
draw 960 809 340 340
draw 857 789 340 340
draw 770 730 340 340
draw 711 643 340 340
draw 691 540 340 340
draw 711 437 340 340
draw 770 350 340 340
draw 857 291 340 340
draw 960 271 340 340
draw 1063 291 340 340
draw 1150 350 340 340
draw 1209 437 340 340
sleep 5
clear
draw 1230 540 360 360
draw 1209 643 360 360
draw 1150 730 360 360
draw 1063 789 360 360
draw 960 809 360 360
draw 857 789 360 360
draw 770 730 360 360
draw 711 643 360 360
draw 691 540 360 360
draw 711 437 360 360
draw 770 350 360 360
draw 857 291 360 360
draw 960 271 360 360
draw 1063 291 360 360
draw 1150 350 360 360
draw 1209 437 360 360
sleep 5
clear
draw 1230 540 380 380
draw 1209 643 380 380
draw 1150 730 380 380
draw 1063 789 380 380
draw 960 809 380 380
draw 857 789 380 380
draw 770 730 380 380
draw 711 643 380 380
draw 691 540 380 380
draw 711 437 380 380
draw 770 350 380 380
draw 857 291 380 380
draw 960 271 380 380
draw 1063 291 380 380
draw 1150 350 380 380
draw 1209 437 380 380
sleep 5
